-29.031259 1331.448974 -174.968750 0.000000 -167.926956 0.000000 T
-42.155990 1463.280517 -174.968750 0.000000 -137.416931 0.000000 T
-29.031259 1659.031250 -174.968750 0.000000 -176.214904 0.000000 T
-32.409114 1766.968750 -174.968750 0.000000 -166.814788 0.000000 T
-153.193313 1698.721069 -174.968750 0.000000 -152.383712 0.000000 T
-136.678466 1893.968750 -48.968750 0.000000 -100.552101 0.000000 T
-786.114074 1893.968750 -48.968750 0.000000 -93.683815 0.000000 T
-1387.359375 1893.968750 -48.968750 0.000000 -82.279281 0.000000 T
-1514.968750 1659.031250 -174.968750 0.000000 4.002463 0.000000 T
-1406.982543 1659.031250 -174.968750 0.000000 -1.838826 0.000000 T
-1514.968750 1331.031250 -174.968750 0.000000 0.898358 0.000000 T
-1442.324096 1331.031250 -174.968750 0.000000 0.620830 0.000000 T
-1062.677612 1383.031250 -174.968750 0.000000 172.387405 0.000000 T
-973.053405 1383.031250 -174.968750 0.000000 -4.978794 0.000000 T
-561.676208 1383.031250 -174.968750 0.000000 87.585350 0.000000 T
-614.000000 1397.234008 -76.968750 0.000000 -165.958221 0.000000 T
-732.968750 1827.028808 -174.968750 0.000000 -90.620079 0.000000 T
-653.056823 1827.028808 -174.968750 0.000000 -71.525039 0.000000 T
-530.550415 1827.028808 -78.686714 0.000000 -92.632713 0.000000 T
-1021.978576 1560.060668 -174.968750 0.000000 -85.280799 0.000000 T
-1072.038330 1520.896850 -86.360748 0.000000 -114.433120 0.000000 T
-835.167785 1802.283691 -174.968750 0.000000 -89.088287 0.000000 T
-1049.959472 1823.495605 -174.968750 0.000000 -97.544853 0.000000 T
-819.158447 1626.001586 -174.968750 0.000000 -85.434310 0.000000 T
-624.019104 1581.260498 -174.968750 0.000000 -73.069976 0.000000 T
-1009.185546 507.968750 -174.968750 0.000000 -83.612419 0.000000 CT
-1081.252685 497.629180 -78.968750 0.000000 -86.490074 0.000000 CT
-919.236145 507.968750 -78.968750 0.000000 -8.747052 0.000000 CT
-1514.968750 557.968750 -174.968750 0.000000 -12.957730 0.000000 CT
-1454.028198 557.968750 -174.968750 0.000000 -2.372694 0.000000 CT
-1514.968750 298.977478 -174.968750 0.000000 41.413509 0.000000 CT
-1514.968750 191.968734 -174.968750 0.000000 -1.719800 0.000000 CT
-1514.968750 52.031257 -174.968750 0.000000 33.537231 0.000000 CT
-1412.845092 184.783737 -174.968750 0.000000 10.497026 0.000000 CT
-1426.133422 -80.968742 -48.968750 0.000000 84.169700 0.000000 CT
-782.722778 -80.968742 -48.968750 0.000000 91.168106 0.000000 CT
-830.031250 -11.968740 -174.968750 0.000000 96.352821 0.000000 CT
-1031.534545 -11.968740 -78.132713 0.000000 117.051651 0.000000 CT
-541.599304 507.062988 -174.968750 0.000000 -5.950867 0.000000 CT
-485.731048 506.397125 -174.968750 0.000000 8.705569 0.000000 CT
-635.289611 300.724060 -174.968750 0.000000 48.056705 0.000000 CT
-599.628845 339.727233 -86.360748 0.000000 46.402320 0.000000 CT
-29.031259 520.725891 -174.968750 0.000000 176.098449 0.000000 CT
-106.959014 555.378479 -174.968750 0.000000 -178.297470 0.000000 CT
-29.031259 191.968734 -174.968750 0.000000 -176.884017 0.000000 CT
-84.317062 191.968734 -174.968750 0.000000 177.377319 0.000000 CT
-649.652954 13.319002 -174.968750 0.000000 93.680976 0.000000 CT
-775.784179 133.899536 -174.968750 0.000000 94.447860 0.000000 CT
-895.337341 216.612197 -174.968750 0.000000 94.668922 0.000000 CT
-955.201965 260.436981 -174.968750 0.000000 95.259735 0.000000 CT
