-173.582321 -1649.915161 -181.968750 0.000000 91.409751 0.000000 T
166.069580 -1654.012817 -181.968750 0.000000 91.409751 0.000000 T
165.693679 -1546.361083 -181.968750 0.000000 91.409751 0.000000 T
-164.280685 -1518.457885 -181.968750 0.000000 91.409751 0.000000 T
186.310287 -1389.394287 -141.968750 0.000000 91.409751 0.000000 T
-201.742065 -1395.579467 -133.968750 0.000000 91.409751 0.000000 T
-247.742065 -1395.614135 -97.968734 0.000000 91.409751 0.000000 T
250.589263 -1427.323730 -101.968750 0.000000 75.329437 0.000000 T
523.722412 -1010.850585 10.031250 0.000000 110.308006 0.000000 T
452.781677 -996.200256 10.031250 0.000000 110.308006 0.000000 T
502.349151 -1352.885009 -45.968750 0.000000 103.272369 0.000000 T
387.556640 -1379.886108 -45.968750 0.000000 103.272369 0.000000 T
-439.575683 -1050.895263 10.031250 0.000000 76.393730 0.000000 T
-542.440002 -1033.191894 10.031250 0.000000 76.393730 0.000000 T
-548.968750 -1365.132080 -45.968750 0.000000 62.944583 0.000000 T
-449.121917 -1409.972167 -45.968750 0.000000 62.944583 0.000000 T
-548.968750 -1024.924682 -181.968750 0.000000 66.344032 0.000000 T
-494.299865 -1068.868652 -181.968750 0.000000 66.344032 0.000000 T
-132.200149 -1074.821166 -181.968750 0.000000 137.040939 0.000000 T
62.813438 -1008.535766 -181.968750 0.000000 32.669857 0.000000 T
451.927734 -1045.060058 -181.968750 0.000000 131.295745 0.000000 T
530.179809 -1010.846008 -181.968750 0.000000 131.295745 0.000000 T
-540.040039 955.031250 -181.968750 0.000000 -21.077541 0.000000 CT
-479.901458 970.177246 -181.968750 0.000000 -21.077541 0.000000 CT
-73.727386 962.400634 -181.968750 0.000000 -153.594345 0.000000 CT
58.687973 981.656311 -181.968750 0.000000 -27.181249 0.000000 CT
495.398742 966.535400 -181.968750 0.000000 -137.102264 0.000000 CT
548.968750 956.685058 -181.968750 0.000000 -137.102264 0.000000 CT
228.086471 1365.894165 -117.968750 0.000000 -141.089309 0.000000 CT
311.258209 1353.883789 -61.968750 0.000000 -141.089309 0.000000 CT
399.678466 1386.918701 -45.968750 0.000000 -110.926841 0.000000 CT
529.408325 1337.308837 -45.968750 0.000000 -110.926841 0.000000 CT
548.968750 980.406921 10.031250 0.000000 -160.870300 0.000000 CT
462.746795 969.801696 10.031250 0.000000 -160.870300 0.000000 CT
-444.522338 957.316101 10.031250 0.000000 -45.538211 0.000000 CT
-548.968750 962.291076 10.031250 0.000000 -45.538211 0.000000 CT
-548.968750 1346.477294 -45.968750 0.000000 -70.139640 0.000000 CT
-446.166564 1377.416992 -45.968750 0.000000 -70.139640 0.000000 CT
-307.144836 1367.376342 -61.968750 0.000000 -70.139640 0.000000 CT
-353.144836 1366.176391 -45.968742 0.000000 -70.139640 0.000000 CT
-188.759613 1368.558837 -141.968750 0.000000 -73.458641 0.000000 CT
194.295898 1523.249877 -181.968750 0.000000 -129.845108 0.000000 CT
-198.656890 1538.163085 -181.968750 0.000000 -67.828033 0.000000 CT
-3.795925 1001.695068 -181.968750 0.000000 -100.034843 0.000000 CT
