-954.269348 -958.272583 -101.968750 0.000000 85.321372 0.000000 T
-894.150756 -963.192687 -101.968750 0.000000 85.321372 0.000000 T
-833.443054 -968.160949 -101.968750 0.000000 85.321372 0.000000 T
-755.432434 -975.714294 -101.968750 0.000000 91.211585 0.000000 T
-762.678100 -645.063720 -101.968750 0.000000 -18.344736 0.000000 T
-393.947662 -826.755798 -40.561092 0.000000 120.152374 0.000000 T
-404.390869 -869.383300 -40.901401 0.000000 124.868888 0.000000 T
-648.028320 -973.585632 -64.968750 0.000000 81.652732 0.000000 T
-586.092102 -979.332153 -64.968750 0.000000 84.699569 0.000000 T
-523.769531 -962.219909 -101.968750 0.000000 91.838447 0.000000 T
-627.236206 -886.118896 -101.968750 0.000000 18.085159 0.000000 T
-651.829467 -810.810241 -101.968750 0.000000 18.085159 0.000000 T
46.229496 -696.490051 -101.968750 0.000000 -175.097015 0.000000 T
50.398143 -745.085327 -101.968750 0.000000 -175.097015 0.000000 T
-101.140129 -705.557678 74.031250 0.000000 0.519509 0.000000 T
961.836242 -510.651397 -101.968750 0.000000 -98.750312 0.000000 CT
775.080078 -40.614349 -101.968750 0.000000 -98.941093 0.000000 CT
779.194641 -96.779823 -101.968750 0.000000 -94.165412 0.000000 CT
678.521545 -224.851684 -101.968750 0.000000 151.366226 0.000000 CT
977.408325 642.886230 -101.968750 0.000000 179.736465 0.000000 CT
977.165771 590.132873 -101.968750 0.000000 179.736465 0.000000 CT
976.844055 520.106933 -101.968750 0.000000 179.736465 0.000000 CT
976.628723 473.232543 -101.968750 0.000000 179.736465 0.000000 CT
962.305053 432.125061 -101.968750 0.000000 177.619247 0.000000 CT
186.496780 475.393707 -101.968750 0.000000 54.198600 0.000000 CT
-969.503906 298.897460 42.031250 0.000000 2.368180 0.000000 T
-914.005371 594.798950 -101.968750 0.000000 -95.387794 0.000000 T
-979.681884 600.993041 -101.968750 0.000000 -95.387794 0.000000 T
950.421997 -959.951782 -101.968750 0.000000 130.371627 0.000000
973.563049 -41.586448 -101.968750 0.000000 -125.329162 0.000000
787.725769 -31.557477 -101.968750 0.000000 -83.288459 0.000000
691.518127 -230.285873 -101.968750 0.000000 158.296096 0.000000
720.712707 70.351585 -101.968750 0.000000 -168.471267 0.000000
68.993873 188.434494 -101.968750 0.000000 -63.795661 0.000000
-118.587615 106.784172 -101.968750 0.000000 -125.409904 0.000000
-410.853637 -108.388542 -101.968750 0.000000 19.510580 0.000000
-372.918792 -518.961730 -101.968750 0.000000 18.526283 0.000000
-110.927062 -113.937240 -101.968750 0.000000 -30.410074 0.000000
-667.379699 -582.874572 -101.968750 0.000000 -56.154102 0.000000
-671.991210 -913.592041 -101.968750 0.000000 -3.833739 0.000000
-642.608337 -976.597167 -64.968750 0.000000 79.031105 0.000000
-595.670715 -985.694824 -64.968750 0.000000 79.031105 0.000000
-498.905853 -973.129699 -101.968750 0.000000 92.459884 0.000000
-393.967071 -833.683105 -40.561096 0.000000 105.421737 0.000000
45.136528 -766.172790 -101.968750 0.000000 -172.884078 0.000000
36.528667 -701.514465 -101.968750 0.000000 -172.884078 0.000000
-649.255737 -969.617309 74.031250 0.000000 75.929595 0.000000
-300.116119 -958.644226 74.031250 0.000000 179.813507 0.000000
-299.914245 -896.632568 74.031250 0.000000 179.813507 0.000000
-278.815032 -786.957153 74.031250 0.000000 179.612304 0.000000
-60.308540 -712.191833 74.031250 0.000000 -2.733890 0.000000
-464.633666 -591.769287 74.031250 0.000000 77.361511 0.000000
-1004.752502 -572.332153 -101.968750 0.000000 23.162141 0.000000
-847.996398 311.425079 -101.968750 0.000000 -6.779788 0.000000
-902.687500 547.817321 42.031250 0.000000 -95.179450 0.000000
-978.249694 296.606994 42.031250 0.000000 2.114624 0.000000
106.397178 485.930389 -101.968750 0.000000 103.882209 0.000000
-247.360290 621.941894 -101.968750 0.000000 -55.486194 0.000000
2.515202 177.681671 -101.968750 0.000000 130.024307 0.000000
-125.272125 -23.921613 42.031250 0.000000 -93.179359 0.000000
82.658134 375.138854 42.031250 0.000000 -7.920584 0.000000
312.840393 247.024597 -101.968750 0.000000 78.517921 0.000000
185.066055 472.079528 -101.968750 0.000000 41.694988 0.000000
951.206298 429.571075 -101.968750 0.000000 163.023788 0.000000
981.721435 62.740177 -101.968750 0.000000 175.034439 0.000000
982.963806 301.553741 -101.968750 0.000000 -90.033920 0.000000
724.145446 -724.424621 42.031250 0.000000 -179.754959 0.000000
723.832336 -978.325256 42.031250 0.000000 169.053680 0.000000
950.633728 -976.495849 42.031250 0.000000 94.665954 0.000000
984.203491 -710.443542 42.031250 0.000000 -167.322860 0.000000
962.545410 -534.492858 42.031250 0.000000 -104.551948 0.000000
983.225280 237.998031 42.031250 0.000000 178.195861 0.000000
586.232910 91.718803 42.031250 0.000000 -65.924552 0.000000
572.545104 -228.401306 106.031250 0.000000 169.620925 0.000000
487.726165 -334.204559 52.977577 0.000000 -140.939651 0.000000
-772.357604 -840.155212 -101.968750 0.000000 92.759811 0.000000 T
-857.951354 -844.281311 -101.968750 0.000000 92.759811 0.000000 T
-915.148620 550.748291 42.031250 0.000000 -99.325553 0.000000 T
-599.691833 -68.665161 -101.968750 0.000000 101.542343 0.000000 T
-609.006164 8.211393 -101.968750 0.000000 96.908332 0.000000 T
-606.557189 104.149322 -101.968750 0.000000 96.908332 0.000000 T
-328.208618 655.187622 -101.968750 0.000000 -127.859642 0.000000
-593.473327 651.632324 -37.968750 0.000000 -72.286338 0.000000
322.910125 237.460372 -101.968750 0.000000 81.122383 0.000000 CT
568.790405 183.760131 -101.968750 0.000000 -15.847070 0.000000 CT
987.257507 75.117576 -101.968750 0.000000 173.757476 0.000000 CT
1005.323425 304.536804 -101.968750 0.000000 -91.591171 0.000000 CT
959.579345 305.807556 -101.968750 0.000000 -91.591171 0.000000 CT
570.354064 -76.806098 -101.968750 0.000000 -80.114219 0.000000 CT
941.091796 -661.057067 -101.968750 0.000000 -146.069000 0.000000 CT
708.459594 -662.497680 -101.968750 0.000000 -41.400543 0.000000 CT
713.302673 -662.721557 -101.968750 0.000000 -42.871234 0.000000
958.791748 -596.796936 -101.968750 0.000000 -142.376525 0.000000 CT
327.779449 -88.989463 -101.968750 0.000000 -90.254455 0.000000 CT
84.133186 189.312988 -101.968750 0.000000 -74.582405 0.000000 CT
240.226806 -80.457420 -101.968750 0.000000 142.373001 0.000000
128.737304 -99.119766 -101.968750 0.000000 2.528532 0.000000 CT
-54.464443 -852.483337 -101.968750 0.000000 -54.089565 0.000000 T
-296.618682 -974.536804 74.031250 0.000000 -177.368942 0.000000 T
-299.058776 -929.217956 74.031250 0.000000 -176.917968 0.000000 T
-302.771179 -860.269653 74.031250 0.000000 -176.917968 0.000000 T
-196.201522 -760.585144 74.031250 0.000000 -177.950225 0.000000 T
-466.738006 -598.847961 74.031250 0.000000 72.268905 0.000000 T
981.976379 -947.092468 42.031250 0.000000 93.853202 0.000000 CT
915.186584 -951.590820 42.031250 0.000000 93.853202 0.000000 CT
930.517150 -502.725921 42.031250 0.000000 -92.479194 0.000000 CT
990.580200 -572.069396 42.031250 0.000000 178.678237 0.000000 CT
770.842224 84.361160 42.031250 0.000000 176.534332 0.000000 CT
590.028747 87.674972 42.031250 0.000000 -71.827728 0.000000 CT
577.403747 -50.562496 42.031250 0.000000 94.922271 0.000000 CT
-996.555053 224.471130 -101.968750 0.000000 -3.352952 0.000000 T
-912.206115 290.054138 -101.968750 0.000000 92.356636 0.000000 T
789.201538 -663.031250 -101.968750 0.000000 -149.210327 0.000000 CT
191.445739 61.265590 42.031253 0.000000 -177.318969 0.000000 CT
93.459266 311.179534 -101.968750 0.000000 110.662582 0.000000 CT
-911.781494 594.606506 -106.968750 0.000000 -88.388458 0.000000
-981.893005 594.846740 -106.968750 0.000000 -78.870162 0.000000
-679.031250 573.606567 -34.968750 0.000000 -175.507522 0.000000
-589.354736 -95.247344 -106.968750 0.000000 107.794952 0.000000
-1000.968750 -1000.968750 -106.968750 0.000000 58.043968 0.000000
-727.031250 -1000.968750 -106.968750 0.000000 113.956939 0.000000
-138.410110 -984.968750 -106.968750 0.000000 12.810635 0.000000
-316.942840 -984.968750 -50.968750 0.000000 52.483051 0.000000
567.031250 167.031265 -106.968750 0.000000 15.706297 0.000000
504.968750 -628.040527 -106.968750 0.000000 -178.510208 0.000000
455.031250 -1000.968750 -106.968750 0.000000 75.092239 0.000000
119.031257 -718.579895 -58.318805 0.000000 61.924766 0.000000
