-457.031250 -694.968750 -26.968750 0.000000 130.318527 0.000000
-654.595092 -524.037109 -26.968750 0.000000 -47.397716 0.000000
-792.145629 -772.977844 20.364143 0.000000 75.877639 0.000000
-763.969787 -416.613708 -26.968750 0.000000 -118.344474 0.000000
-963.277832 -434.259338 -26.968750 0.000000 -33.277008 0.000000
-1123.913330 -585.755126 -26.968750 0.000000 8.521220 0.000000
-826.802429 -316.322265 133.031250 0.000000 9.983571 0.000000
-827.758605 -98.296653 133.031250 0.000000 -16.122800 0.000000
-694.968750 -326.968750 -22.973003 0.000000 44.231521 0.000000
-449.264343 -310.208068 116.867294 0.000000 107.172393 0.000000
26.164159 -30.478025 -21.457780 0.000000 -116.652038 0.000000
667.247985 -4.745701 5.031250 0.000000 -115.016792 0.000000
767.512390 -102.122787 5.031250 0.000000 -163.013977 0.000000
461.338745 -316.328613 -71.892707 0.000000 -159.061706 0.000000
1015.957092 -879.238098 -119.166893 0.000000 -78.380668 0.000000
1302.007080 -1356.633911 -110.330032 0.000000 140.391326 0.000000
910.415649 -1636.718750 5.031250 0.000000 71.594367 0.000000
453.698394 -1413.243530 -74.968750 0.000000 148.074218 0.000000
590.011108 -1436.223632 -74.968750 0.000000 74.006523 0.000000
826.927795 -1247.169555 -65.304107 0.000000 176.169937 0.000000
674.038757 -1109.291748 -26.640081 0.000000 -60.421279 0.000000
-1042.425415 -734.517517 -88.456535 0.000000 -139.652984 0.000000
-895.833801 -1145.896728 -74.968750 0.000000 -88.947944 0.000000
-931.571411 -1131.986206 101.031250 0.000000 -20.745655 0.000000
-1563.262451 802.582824 69.031250 0.000000 -63.432193 0.000000
-1293.772949 598.968750 5.031250 0.000000 -105.960899 0.000000
-961.013977 -6.968741 133.031250 0.000000 25.588737 0.000000
-692.603210 -0.000960 52.364105 0.000000 61.833599 0.000000
-511.031250 434.846008 5.031250 0.000000 -177.035003 0.000000
-530.739501 619.031250 21.031250 0.000000 158.316925 0.000000
-991.807556 715.491699 21.031250 0.000000 -41.071437 0.000000
-1797.384887 790.968750 -58.968750 0.000000 -84.192832 0.000000
-1777.031250 427.942352 -170.968750 0.000000 117.433242 0.000000
-2048.375000 456.854095 -170.925750 0.000000 -144.885391 0.000000
-2070.369873 65.145736 -234.968750 0.000000 159.968032 0.000000
-2649.031250 -21.595270 -218.968750 0.000000 146.684173 0.000000
-2661.031250 -125.232940 -90.968750 0.000000 173.383026 0.000000
-3052.286376 35.866306 37.031250 0.000000 -141.419830 0.000000
-3359.427490 -225.756317 -24.968750 0.000000 48.416557 0.000000
-3594.968750 -477.031250 37.031250 0.000000 -5.305775 0.000000
-2850.950195 -443.188568 17.031250 0.000000 -108.094528 0.000000
-2969.691162 -1225.677490 37.031250 0.000000 50.147422 0.000000
-2897.608886 -1780.324584 181.031250 0.000000 29.845907 0.000000
-2537.623291 -2109.779052 53.031250 0.000000 84.756156 0.000000
-2417.748779 -2152.048583 -7.399876 0.000000 77.992271 0.000000
-2120.764892 -2196.128173 -24.968793 0.000000 98.200004 0.000000
-1977.855590 -1499.068481 3.907073 0.000000 -156.369293 0.000000
-1744.858154 -1618.222045 101.031250 0.000000 141.413955 0.000000
-1809.064331 -1078.825683 5.031250 0.000000 -40.965301 0.000000
-1946.538818 -1293.193969 5.031250 0.000000 102.084640 0.000000
-1755.707763 -836.343872 5.031250 0.000000 -86.042541 0.000000
-2368.818115 -106.605506 -240.827239 0.000000 -48.996154 0.000000
-2090.246337 -62.984825 -234.968750 0.000000 -152.350143 0.000000
-2041.031250 678.968750 101.031250 0.000000 -135.961669 0.000000
-2406.968750 638.819885 101.031250 0.000000 37.605991 0.000000
-3097.031250 217.031265 5.031250 0.000000 121.813438 0.000000
-3132.990478 585.575866 5.031250 0.000000 -79.686309 0.000000
-2854.968750 653.131835 5.031250 0.000000 -2.119514 0.000000
-2830.968750 1382.968750 5.031250 0.000000 -68.022163 0.000000
-2646.791503 994.319702 -218.962310 0.000000 18.834842 0.000000
-2651.094482 1823.792846 21.031250 0.000000 -3.521414 0.000000
-2635.773925 2472.667968 21.031250 0.000000 -8.600658 0.000000
-1368.718750 1945.593017 -17.854770 0.000000 138.966430 0.000000
-1345.691650 1530.735839 69.031250 0.000000 -94.561386 0.000000
-1305.031250 889.137512 69.031250 0.000000 160.400558 0.000000
-445.201354 874.611999 21.031250 0.000000 158.044738 0.000000
-257.353302 747.008361 5.031250 0.000000 48.987663 0.000000
358.968750 665.031250 33.031250 0.000000 126.088119 0.000000
590.968750 1945.031250 69.031250 0.000000 156.606689 0.000000
584.860046 2090.968750 69.031250 0.000000 -161.280349 0.000000
250.578765 2209.971435 -279.639099 0.000000 173.070083 0.000000
-418.845214 2694.968750 -218.968750 0.000000 -138.982772 0.000000
-656.208618 2615.941406 -54.968750 0.000000 -63.695003 0.000000
-1117.520751 2784.139648 133.031250 0.000000 -1.898214 0.000000
-1164.913574 2525.880371 133.031250 0.000000 -70.232948 0.000000
-979.939697 2146.806640 133.031250 0.000000 139.989791 0.000000
-1214.833496 2191.844482 133.031250 0.000000 84.060226 0.000000
-1022.202087 2996.376708 181.031250 0.000000 -89.199172 0.000000
-1152.711669 2598.413085 325.031250 0.000000 147.731369 0.000000
-1377.031250 2638.968750 -58.968750 0.000000 -129.054275 0.000000
-1963.232788 2614.968750 -19.415531 0.000000 -96.575683 0.000000
-2566.968750 290.427673 -250.341644 0.000000 -34.936000 0.000000
