3089.968750 952.044311 315.031250 0.000000 155.533035 0.000000
2862.031250 897.073608 315.031250 0.000000 50.256374 0.000000
2625.031250 1363.031250 315.031250 0.000000 56.899410 0.000000
2621.972900 1816.968750 315.031250 0.000000 -78.170661 0.000000
2472.465087 1580.968750 315.031250 0.000000 -106.767280 0.000000
2779.968750 1007.031250 145.485061 0.000000 82.676139 0.000000
3188.125976 1003.031250 58.031250 0.000000 73.369689 0.000000
3829.087402 1003.031250 58.031250 0.000000 101.788528 0.000000
2445.134765 -820.897033 58.031250 0.000000 59.077457 0.000000
3822.434326 -407.031250 121.037818 0.000000 -107.126640 0.000000
3129.031250 169.031265 74.031250 0.000000 48.420124 0.000000
4068.091308 418.968750 74.031250 0.000000 -77.611198 0.000000
3558.348632 1518.734863 138.031250 0.000000 -112.075836 0.000000
3162.031250 1825.968750 146.031250 0.000000 -60.484977 0.000000
1461.070190 1524.005859 189.267501 0.000000 151.911056 0.000000
1233.671020 3549.325927 290.031250 0.000000 -87.990325 0.000000
512.507080 1943.516235 179.031250 0.000000 -117.095054 0.000000
-214.968734 1667.158203 179.031250 0.000000 20.830015 0.000000
137.083099 2197.144042 313.031250 0.000000 -96.192695 0.000000
-197.903182 1401.968750 187.031250 0.000000 -39.079841 0.000000
-19.128097 1401.968750 195.281250 0.000000 -103.916641 0.000000
-297.938964 606.279785 187.031250 0.000000 -39.776996 0.000000
78.982025 1091.565917 149.011520 0.000000 -25.189561 0.000000
-44.562458 79.920578 76.872291 0.000000 141.715667 0.000000
-227.636260 -85.027153 75.031250 0.000000 -52.469280 0.000000
-318.484527 -556.968750 65.157699 0.000000 94.112503 0.000000
-507.460693 -547.276977 309.931304 0.000000 -0.205302 0.000000
276.005310 -392.934600 53.926551 0.000000 -123.376190 0.000000
409.031250 -410.861511 52.939247 0.000000 -76.329017 0.000000
117.709182 86.704864 155.031250 0.000000 -4.696938 0.000000
861.595275 -221.798522 155.031250 0.000000 62.452316 0.000000
1281.191406 107.032707 75.031250 0.000000 171.787796 0.000000
978.661071 -818.989135 96.031250 0.000000 44.197288 0.000000
1651.765747 -794.139038 58.031250 0.000000 19.258205 0.000000
2985.397460 -263.764251 71.031250 0.000000 131.517028 0.000000
3072.968750 -809.825073 315.031250 0.000000 -164.795913 0.000000
2879.031250 -153.031250 315.031250 0.000000 -52.521919 0.000000
2984.068603 635.952697 315.031250 0.000000 -10.510955 0.000000
2879.837402 636.111938 75.031250 0.000000 -23.119480 0.000000
3849.937500 696.781616 74.031250 0.000000 -120.689216 0.000000
2519.085449 1787.858886 58.031250 0.000000 -122.109573 0.000000
1593.296630 1652.977539 188.239501 0.000000 -30.440893 0.000000
1299.968750 983.031250 153.807022 0.000000 141.188247 0.000000
726.448547 113.078002 155.031250 0.000000 -133.962875 0.000000
1083.623168 -1114.197509 -77.968750 0.000000 53.213756 0.000000
1101.915649 -1362.899536 146.031250 0.000000 66.988395 0.000000
-130.324264 486.749725 81.364532 0.000000 -31.798982 0.000000
519.031250 2470.820800 187.031250 0.000000 37.929500 0.000000
687.043334 2918.601074 217.421722 0.000000 -76.008750 0.000000
-151.984176 1944.968750 179.031250 0.000000 -34.116264 0.000000
1004.968750 2027.031250 228.512145 0.000000 150.312683 0.000000
1671.031250 1854.968750 186.031250 0.000000 -31.451919 0.000000
2310.031250 1580.968750 315.031250 0.000000 -36.098289 0.000000
1730.045288 1354.705566 213.271865 0.000000 76.970832 0.000000
