311.031250 2670.336669 106.031250 0.000000 -65.999359 0.000000
556.968750 2756.968750 106.031250 0.000000 -136.098236 0.000000
309.031250 2751.000000 160.328430 0.000000 -28.735319 0.000000
723.031250 2728.968750 180.015441 0.000000 -93.852905 0.000000
-76.859718 2256.682373 -106.913040 0.000000 -51.458984 0.000000
-349.231628 1689.565307 -116.340087 0.000000 167.848480 0.000000
-486.968750 1572.881591 -101.096054 0.000000 -28.376970 0.000000
-591.031250 1335.031250 -101.968750 0.000000 172.218811 0.000000
-759.976745 1365.031250 -101.968750 0.000000 38.528621 0.000000
-591.031250 1512.968750 -101.968750 0.000000 -149.415023 0.000000
-880.023254 1359.031250 -101.968750 0.000000 179.762130 0.000000
-1158.968750 1512.968750 -61.860771 0.000000 -30.041400 0.000000
-1228.341918 1254.968750 116.023384 0.000000 -156.591796 0.000000
-1391.530273 1247.968750 42.031250 0.000000 -159.270111 0.000000
-1754.400756 1341.466918 62.031250 0.000000 -157.685241 0.000000
-2152.968750 1815.031250 43.023971 0.000000 67.804420 0.000000
-1626.764404 2609.031250 14.350208 0.000000 131.009918 0.000000
-1382.637084 2757.031250 23.332141 0.000000 165.586013 0.000000
-1367.031250 2559.968750 15.389760 0.000000 -121.568405 0.000000
-1704.968750 1623.031250 34.751502 0.000000 86.260261 0.000000
-1764.716552 1822.524536 21.155887 0.000000 4.652637 0.000000
-616.968750 616.968750 40.940361 0.000000 -55.542713 0.000000
-488.968750 -244.381225 12.031250 0.000000 -70.384666 0.000000
392.968750 -840.968750 41.824775 0.000000 176.896957 0.000000
-151.031250 -989.968750 100.813308 0.000000 154.936325 0.000000
-584.968750 -989.968750 186.138885 0.000000 27.607152 0.000000
-863.000000 -673.031250 168.081283 0.000000 -11.724658 0.000000
-872.968750 -945.968750 172.632568 0.000000 24.765697 0.000000
-1128.968750 -992.968750 177.304687 0.000000 69.360488 0.000000
-1476.297363 -988.968750 160.259048 0.000000 140.082000 0.000000
-2152.968750 -711.031250 169.023971 0.000000 -15.939640 0.000000
-2174.968750 -888.968750 162.404022 0.000000 27.085729 0.000000
-1378.562255 20.996063 33.643806 0.000000 113.987342 0.000000
-1335.031250 458.968750 26.122573 0.000000 -160.023391 0.000000
35.780136 1576.968750 10.031250 0.000000 -126.840789 0.000000
384.968750 1367.031250 10.031250 0.000000 118.275413 0.000000
480.968750 1474.031250 10.031250 0.000000 131.603302 0.000000
423.031250 1768.968750 10.031250 0.000000 -80.770713 0.000000
488.968719 1768.968750 10.031250 0.000000 -155.361801 0.000000
923.031250 1192.968750 50.139225 0.000000 -83.341430 0.000000
420.979034 2456.493408 -114.968750 0.000000 234.316406 0.000000
189.892471 2498.272216 -112.950271 0.000000 327.183837 0.000000
-35.523841 2032.170654 -115.439147 0.000000 37.968750 0.000000
-195.993774 2030.220947 -116.897216 0.000000 143.102416 0.000000
1732.631958 350.846069 63.551338 0.000000 107.583618 0.000000
1028.304443 296.441467 16.192211 0.000000 72.905273 0.000000
1411.791870 305.992187 -159.298690 0.000000 88.286132 0.000000
1766.814819 1839.571533 8.432358 0.000000 149.622802 0.000000
581.386352 2362.887695 19.031250 0.000000 315.203247 0.000000
-538.466918 1702.985839 -109.673408 0.000000 57.771606 0.000000
-290.042327 1504.168579 -117.899871 0.000000 179.708862 0.000000
-671.841003 350.887481 15.688316 0.000000 55.827026 0.000000
669.918762 1170.529541 10.589054 0.000000 267.346801 0.000000
394.586853 -698.924194 6.031250 0.000000 177.286376 0.000000
-954.969543 -998.296630 135.694366 0.000000 121.563720 0.000000
-1050.032226 -216.861267 135.828704 0.000000 230.822753 0.000000
-2031.924072 -181.726654 132.950942 0.000000 75.646362 0.000000
-2001.876586 570.341064 40.582855 0.000000 0.972289 0.000000
-1525.752929 -75.327079 14.031250 0.000000 101.156616 0.000000
-1455.680419 669.590087 42.214912 0.000000 221.198730 0.000000
-1595.262084 1024.587402 41.353439 0.000000 142.943115 0.000000
-2142.144287 1226.059204 45.678188 0.000000 349.403686 0.000000
-2149.461425 1095.897705 44.751514 0.000000 23.049316 0.000000
-1083.559570 2663.527587 145.963150 0.000000 267.703857 0.000000
-1918.557250 2974.843261 44.920135 0.000000 267.522583 0.000000
-2077.676513 3083.159912 41.939079 0.000000 295.938720 0.000000
-2128.824707 2381.684814 116.509063 0.000000 323.904418 0.000000
-2152.093017 2182.139160 8.240697 0.000000 0.736082 0.000000
1077.602294 3023.383300 136.860504 0.000000 296.784667 0.000000
1071.361328 2854.322509 134.204925 0.000000 281.854248 0.000000
-2013.199829 336.301483 14.658255 0.000000 13.958128 0.000000
