-2312.833007 777.977783 -105.914100 0.000000 7.232898 0.000000
-2618.398925 111.031257 -140.013732 0.000000 36.915340 0.000000
-2192.968750 95.031257 -149.968750 0.000000 36.234359 0.000000
-1586.349853 -201.996093 -143.514816 0.000000 157.462722 0.000000
-1160.855346 400.086730 -69.968750 0.000000 104.136070 0.000000
-429.733428 843.746398 -73.968750 0.000000 -37.773109 0.000000
-197.192016 383.985961 -64.273178 0.000000 165.759826 0.000000
-1017.698364 440.308593 -357.968750 0.000000 -48.402393 0.000000
-1049.285034 -764.600097 -104.959648 0.000000 41.554763 0.000000
296.202087 -1969.578491 -29.968750 0.000000 -24.673505 0.000000
143.347946 -2064.070312 -157.968750 0.000000 151.888610 0.000000
-283.885681 -1511.031250 -153.969177 0.000000 -106.019554 0.000000
-503.718658 -1311.031250 -149.968750 0.000000 -156.151214 0.000000
-527.031250 -1231.086914 -157.968750 0.000000 147.345031 0.000000
-800.968750 -1216.076171 -157.968750 0.000000 31.114940 0.000000
-800.968750 -873.170104 -157.968750 0.000000 -24.008979 0.000000
-1243.248291 -1507.032470 -134.396255 0.000000 91.324966 0.000000
-1127.031250 -1168.853637 -157.968750 0.000000 133.492614 0.000000
-1240.968750 -463.031250 -85.968750 0.000000 -44.096843 0.000000
-1291.271484 512.901306 -142.433212 0.000000 -155.731445 0.000000
-1127.031250 -463.031250 -157.968750 0.000000 -99.263526 0.000000
-1515.422973 -767.031250 -157.968795 0.000000 -98.679351 0.000000
-1640.616943 -511.695892 -157.968795 0.000000 -132.625122 0.000000
-2088.968750 -420.474243 -157.968795 0.000000 -41.218326 0.000000
-2310.630126 -638.670715 -157.968795 0.000000 93.683288 0.000000
-1692.968750 -770.922607 -157.968948 0.000000 -13.615017 0.000000
-1704.968750 -1246.071655 -234.569488 0.000000 -22.587062 0.000000
-1413.403076 -1610.975097 -225.878814 0.000000 -171.929931 0.000000
-944.919921 -2571.156982 -157.968750 0.000000 141.981109 0.000000
-794.448303 -2522.115234 -157.968750 0.000000 81.775970 0.000000
-237.947616 -2374.813720 -155.005386 0.000000 60.363643 0.000000
107.780029 -1925.031250 -157.968750 0.000000 -165.036071 0.000000
-127.196624 -1436.087280 -62.132713 0.000000 -41.964385 0.000000
456.554473 -1439.031250 -165.968750 0.000000 -94.101295 0.000000
586.235839 -1135.000000 -117.968750 0.000000 -27.785385 0.000000
919.031250 -1396.119873 -157.968750 0.000000 -47.223415 0.000000
1046.960571 -1783.815185 -61.968750 0.000000 -124.632431 0.000000
1123.183959 634.871826 -241.640197 0.000000 -133.887847 0.000000
570.504760 880.762512 -125.968750 0.000000 -104.080711 0.000000
179.528961 608.301025 -233.106170 0.000000 -6.172513 0.000000
168.780639 128.968734 -137.353820 0.000000 -31.338132 0.000000
493.368835 -175.031265 -140.307678 0.000000 -148.807815 0.000000
381.340576 -615.093139 -157.868362 0.000000 -166.142913 0.000000
-341.165893 -890.878051 -157.968750 0.000000 56.155849 0.000000
-850.307128 -2528.549316 -25.968750 0.000000 106.435783 0.000000
-243.159240 -2065.831542 -26.968750 0.000000 124.897743 0.000000
200.795608 -904.208374 -148.532257 0.000000 117.814750 0.000000
106.890296 -912.068786 -29.968750 0.000000 78.244110 0.000000
1338.431518 512.579711 -239.360198 0.000000 -109.590682 0.000000
722.356567 -1050.468261 -231.323211 0.000000 -82.609542 0.000000
-1186.340942 -80.473258 -40.795204 0.000000 -46.609779 0.000000
-1095.647583 -137.116561 -157.968750 0.000000 17.396120 0.000000
-1558.887939 580.968750 -157.968750 0.000000 -122.514900 0.000000
-1406.666625 -1157.315185 -107.111717 0.000000 158.827758 0.000000
-1968.399902 -2019.205688 -232.418045 0.000000 15.333847 0.000000
-891.342895 19.947685 11.290716 0.000000 -0.591633 0.000000
-2563.456298 496.023681 -154.650756 0.000000 -27.678817 0.000000
-2007.313354 -1816.076171 -231.333999 0.000000 -13.460447 0.000000
-1029.556152 -2239.759277 -47.643241 0.000000 -168.290969 0.000000
-1240.968750 -863.031250 -120.215194 0.000000 -65.891929 0.000000
-2036.705688 832.322692 -42.968750 0.000000 324.970092 0.000000
-1327.967529 683.563842 -74.968750 0.000000 171.870117 0.000000
410.554473 -1448.294189 -170.968750 0.000000 200.676269 0.000000
799.718322 -1699.313232 -103.968750 0.000000 149.073486 0.000000
704.592956 -1694.999511 -243.468750 0.000000 149.348144 0.000000
1362.353027 -1456.133178 -162.968750 0.000000 106.479492 0.000000
1026.990234 -2324.621826 -34.968750 0.000000 145.810546 0.000000
-160.785629 -2359.458984 -162.968750 0.000000 87.973022 0.000000
