-2183.866943 1122.776123 361.031250 0.000000 34.264797 0.000000
-2277.991455 1414.968750 361.031250 0.000000 -119.463745 0.000000
-2336.586914 1507.827392 361.031250 0.000000 -161.699981 0.000000
-2690.968750 1662.968750 367.031250 0.000000 -32.757698 0.000000
-2355.024902 1265.660278 485.031250 0.000000 -148.342208 0.000000
-2236.081054 1029.033203 485.031250 0.000000 -82.228530 0.000000
-3253.896484 -336.236877 537.836730 0.000000 124.528785 0.000000
-2851.509033 -19.368452 452.246582 0.000000 48.842540 0.000000
-2741.137939 -167.418777 437.031250 0.000000 5.563117 0.000000
-2222.926025 -3.775804 414.555847 0.000000 -103.398307 0.000000
-1758.523315 1254.704589 361.381835 0.000000 -123.885269 0.000000
-2151.198242 935.655822 261.031250 0.000000 -113.144958 0.000000
-1877.979370 447.654998 261.031250 0.000000 89.402030 0.000000
-2486.632324 1099.112304 357.031250 0.000000 -1.442312 0.000000
-1946.793823 361.490997 109.031250 0.000000 87.698539 0.000000
-2177.491699 187.144943 133.031250 0.000000 1.318423 0.000000
-1815.588378 206.497955 165.031250 0.000000 -134.020294 0.000000
-1859.201660 -711.459167 133.031250 0.000000 94.502624 0.000000
-1328.994018 -119.677886 59.397293 0.000000 91.677024 0.000000
-793.031250 440.260375 101.031250 0.000000 -143.694671 0.000000
-469.041015 357.286102 23.074960 0.000000 -107.717445 0.000000
-865.576477 -616.043395 101.031250 0.000000 157.722229 0.000000
-1540.219970 -378.212097 36.194499 0.000000 -85.116172 0.000000
-1717.708862 -398.717346 141.846054 0.000000 -47.993461 0.000000
-1622.452270 -1078.968750 101.031250 0.000000 79.738143 0.000000
-1266.135620 -1027.581176 7.031250 0.000000 90.049453 0.000000
-2050.696289 -838.102416 133.031250 0.000000 -73.818428 0.000000
-1948.137695 -1536.771606 101.031250 0.000000 -44.508029 0.000000
-1867.423583 -1892.799560 101.031250 0.000000 70.147605 0.000000
-1612.827148 -1820.643432 101.031250 0.000000 -148.223007 0.000000
-1865.179077 -1311.805908 245.031250 0.000000 175.106124 0.000000
-2073.031250 -1226.324829 437.031250 0.000000 -151.134201 0.000000
-2196.245117 -1102.538696 398.706970 0.000000 139.273101 0.000000
-2567.550781 -541.229675 437.031250 0.000000 -3.544842 0.000000
-3250.013427 -675.088073 493.031250 0.000000 -145.454406 0.000000
-3545.031250 -491.031250 511.270507 0.000000 -112.639900 0.000000
-3411.031250 -1079.284667 516.287475 0.000000 -130.874893 0.000000
-3527.694091 -2475.706054 480.290039 0.000000 67.475212 0.000000
-3109.949218 -1075.709838 527.368347 0.000000 -32.852886 0.000000
-2321.983886 -1704.879272 542.010742 0.000000 -93.659790 0.000000
-2857.993896 -2916.037597 483.653137 0.000000 57.242431 0.000000
-2159.503417 -2437.804931 477.506652 0.000000 -65.549018 0.000000
-1853.031250 -2546.827880 426.102935 0.000000 126.497215 0.000000
-1341.368408 -2356.725097 341.031250 0.000000 151.256622 0.000000
-1666.472656 -2170.821289 341.031250 0.000000 44.249767 0.000000
-1601.031250 -1953.031250 341.031250 0.000000 -121.056549 0.000000
-930.400390 -2277.044189 151.665267 0.000000 -89.403900 0.000000
-460.022521 -2614.146240 157.031250 0.000000 127.112342 0.000000
-645.299560 -2112.896972 157.031250 0.000000 -30.294630 0.000000
-156.968734 -1888.356811 153.297592 0.000000 -121.299621 0.000000
-964.543640 -1474.990112 149.031250 0.000000 5.522655 0.000000
-463.119018 -1542.968750 141.031250 0.000000 104.986968 0.000000
-256.633026 -1542.968750 21.358699 0.000000 105.068412 0.000000
-878.616394 -431.285247 101.031250 0.000000 123.591339 0.000000
-2010.140258 -486.281311 138.750808 0.000000 -5.172872 0.000000
-2579.112060 1069.933471 485.031250 0.000000 -15.148489 0.000000
-2866.968750 -1062.568847 454.868621 0.000000 -28.805870 0.000000
-293.499603 -745.449218 70.745239 0.000000 -112.537109 0.000000
-1505.702270 461.206817 34.298950 0.000000 -72.739471 0.000000
-1902.137695 -1553.996582 101.031250 0.000000 316.829223 0.000000
-1621.712524 -1032.968750 101.031250 0.000000 54.470214 0.000000
-1808.380615 -1318.921875 326.406250 0.000000 174.402465 0.000000
