-951.015014 335.974761 -210.968750 0.000000 78.993545 0.000000
-684.357177 685.471130 -210.968750 0.000000 138.343215 0.000000
-934.968750 755.925170 -210.968750 0.000000 -50.612606 0.000000
-608.072631 852.173034 -210.968750 0.000000 149.407913 0.000000
-914.780761 1161.850708 -218.968750 0.000000 -176.891052 0.000000
-1639.831054 1104.354980 -186.968750 0.000000 141.456192 0.000000
-2163.087402 1288.037231 -216.771133 0.000000 -1.153342 0.000000
-1829.402832 1093.229370 -186.968750 0.000000 54.304729 0.000000
-510.331634 1679.725463 -204.968750 0.000000 -85.686973 0.000000
-615.914672 1629.166503 -204.968750 0.000000 -51.391265 0.000000
-476.978515 1302.126953 -79.902038 0.000000 140.612884 0.000000
-339.460174 1252.756103 -131.949279 0.000000 95.254722 0.000000
-834.457885 877.235717 37.031250 0.000000 -91.170539 0.000000
-804.571533 214.085845 17.031250 0.000000 8.467959 0.000000
-809.209655 -31.663585 17.031250 0.000000 4.696711 0.000000
-868.199157 -218.331832 21.031250 0.000000 31.057445 0.000000
-588.906433 -561.955810 21.031250 0.000000 135.566360 0.000000
-1109.794921 -552.191467 -90.968750 0.000000 -3.402954 0.000000
-1098.031250 -1335.954956 -90.968750 0.000000 95.785102 0.000000
-921.031250 -1121.308227 -143.333969 0.000000 169.103485 0.000000
-931.229431 -1301.441772 -146.968750 0.000000 -124.120269 0.000000
-1038.968750 -1529.394409 -146.968750 0.000000 -55.909423 0.000000
-921.031250 -1202.115356 -16.968750 0.000000 179.391494 0.000000
-1150.968750 -1337.259399 -15.718784 0.000000 77.797447 0.000000
-480.336242 -1501.559936 -346.968750 0.000000 21.354187 0.000000
48.092567 -1299.643310 -281.968750 0.000000 87.027435 0.000000
242.293670 -1024.279418 -350.968750 0.000000 4.658864 0.000000
389.701751 -1276.873779 -350.968750 0.000000 179.181259 0.000000
940.467285 725.011108 -206.968750 0.000000 -142.999847 0.000000
446.042816 681.583007 -206.968750 0.000000 -42.103313 0.000000
-62.839729 650.509826 -210.968765 0.000000 -134.154708 0.000000
-449.504791 625.973327 -210.968765 0.000000 -17.644390 0.000000
-610.645202 337.379760 -210.968750 0.000000 107.955574 0.000000
-588.950195 611.702514 -210.968750 0.000000 -137.549499 0.000000
-360.145294 -368.142822 -210.968750 0.000000 174.333923 0.000000
-742.968750 -336.685852 -210.968750 0.000000 4.414087 0.000000
334.874786 40.502620 -131.232299 0.000000 -62.323818 0.000000
926.577697 -356.251983 -206.968750 0.000000 92.896591 0.000000
819.994140 -449.617584 45.031250 0.000000 97.080726 0.000000
427.549316 -435.522644 -206.965469 0.000000 -55.131362 0.000000
1045.836791 -608.724365 -213.881927 0.000000 -112.287330 0.000000
1261.116699 -1033.413452 -303.843750 0.000000 10.305176 0.000000
1976.765136 -1763.710937 -314.968750 0.000000 128.790222 0.000000
1980.802246 -1550.819335 -317.665527 0.000000 175.801498 0.000000
1938.993774 -1283.404907 -298.968750 0.000000 179.844085 0.000000
1744.315185 -929.723510 -311.095916 0.000000 -42.366615 0.000000
1638.656738 -847.789855 -314.968750 0.000000 -125.176589 0.000000
1322.973632 -842.600463 -314.968750 0.000000 -88.279830 0.000000
1996.973632 -321.031250 -206.968750 0.000000 -122.962059 0.000000
1764.386474 -122.820579 -210.968750 0.000000 32.669250 0.000000
1937.308959 569.035339 -210.968750 0.000000 -122.313644 0.000000
1494.968750 698.592163 -210.968750 0.000000 -176.947952 0.000000
1339.413085 1091.270874 -218.968750 0.000000 -123.434829 0.000000
1366.968750 1225.524047 -218.968750 0.000000 140.688232 0.000000
1494.968750 1468.877807 -218.968750 0.000000 150.854232 0.000000
1285.031250 1766.968750 -214.683563 0.000000 -48.424346 0.000000
1073.270263 1445.031250 -218.968750 0.000000 64.030723 0.000000
630.450500 1466.960815 -220.968750 0.000000 159.461059 0.000000
145.090454 1268.335937 -207.018905 0.000000 90.638236 0.000000
998.968750 131.679321 -210.968750 0.000000 144.780548 0.000000
998.968750 278.968750 -210.968750 0.000000 -140.848999 0.000000
-210.541488 0.730921 -210.968750 0.000000 -166.823043 0.000000
656.714233 -338.091247 45.031250 0.000000 1.730346 0.000000
1521.405883 -1491.224731 -312.940399 0.000000 50.136108 0.000000
887.963806 -1753.023315 -145.723007 0.000000 89.769287 0.000000
