-1763.549804 -1450.899902 11781.031250 0.000000 132.363281 0.000000
-2489.425292 -1453.930664 11781.031250 0.000000 51.899414 0.000000
-2467.777587 -652.782653 11781.031250 0.000000 312.313842 0.000000
-1796.657592 -724.470031 11781.031250 0.000000 157.868041 0.000000
-1650.182250 -1420.011718 11493.031250 0.000000 147.859497 0.000000
-2426.127197 -1308.697509 11493.031250 0.000000 58.145141 0.000000
-2325.638671 -464.351928 11493.031250 0.000000 307.364501 0.000000
-2426.238769 -190.236953 11557.031250 0.000000 86.418457 0.000000
-2472.921386 226.272857 11557.031250 0.000000 310.863647 0.000000
-1931.760253 424.119506 11601.031250 0.000000 318.905639 0.000000
-1346.791015 -20.321212 11493.031250 0.000000 243.187866 0.000000
-681.509338 -61.505821 11493.031250 0.000000 247.560424 0.000000
-1021.949157 43.933349 11493.031250 0.000000 290.286254 0.000000
-1008.215759 -1457.955200 11781.031250 0.000000 82.919311 0.000000
-513.145751 -1454.984741 11781.031250 0.000000 117.745971 0.000000
-70.082099 -1332.750122 11781.031250 0.000000 147.304687 0.000000
-86.331588 -848.427856 11781.031250 0.000000 160.230102 0.000000
-212.449234 217.477142 11878.031250 0.000000 265.852661 0.000000
-748.208984 165.830352 11781.031250 0.000000 31.179199 0.000000
-770.488281 904.815734 11781.031250 0.000000 215.639648 0.000000
-1161.045043 505.439270 11782.031250 0.000000 50.756835 0.000000
-1138.733886 956.250854 11781.031250 0.000000 272.922363 0.000000
-1721.151000 1058.150512 11789.311523 0.000000 266.923828 0.000000
-1558.470214 622.443542 11781.031250 0.000000 88.846435 0.000000
-1347.943237 462.838775 11783.031250 0.000000 186.361083 0.000000
-2024.214843 453.216369 11781.031250 0.000000 319.597778 0.000000
-2013.875976 -178.762359 11781.031250 0.000000 34.821166 0.000000
-1397.391723 -36.467906 11781.031250 0.000000 226.345825 0.000000
-1217.018554 -283.856353 11773.896484 0.000000 0.379027 0.000000
-2598.956787 1059.241455 11791.949218 0.000000 318.916625 0.000000
-2603.025390 260.167297 11790.279296 0.000000 313.753051 0.000000
-2167.463867 165.905532 11825.031250 0.000000 139.586791 0.000000
-2108.367187 379.577239 11877.031250 0.000000 358.659667 0.000000
-1638.063354 458.487609 11781.031250 0.000000 236.233520 0.000000
-2044.984375 133.419219 11589.031250 0.000000 229.822998 0.000000
-1854.636718 -525.899536 11557.031250 0.000000 141.036987 0.000000
-1455.989135 343.677703 11493.031250 0.000000 252.932739 0.000000
-1207.922851 -367.295989 11493.031250 0.000000 0.038451 0.000000
-71.715629 -669.123229 11909.031250 0.000000 179.741821 0.000000
-566.819091 -159.343353 11781.031250 0.000000 211.003417 0.000000
-910.617187 -690.280517 11781.031250 0.000000 84.863891 0.000000
-1020.600158 -576.858398 11781.031250 0.000000 357.302856 0.000000
-886.421936 187.539230 11836.031250 0.000000 180.719604 0.000000
-948.549560 948.438415 11781.031250 0.000000 277.536621 0.000000
-1184.733886 957.374694 11781.031250 0.000000 269.011230 0.000000
-2527.668945 -210.926254 11781.031250 0.000000 64.802856 0.000000
-1482.369384 114.421371 11781.031250 0.000000 14.035034 0.000000
-105.207328 117.293151 11781.031250 0.000000 246.972656 0.000000
-972.141052 -1269.555664 11653.031250 0.000000 0.697631 0.000000
-2132.977050 -1233.377441 11621.031250 0.000000 90.796508 0.000000
