-901.862060 -921.031250 5.031250 0.000000 -92.819152 0.000000
-241.031265 -1238.968750 5.031250 0.000000 139.796279 0.000000
-182.968734 -1527.644042 5.031250 0.000000 16.360313 0.000000
-22.968742 -585.031250 5.031250 0.000000 -30.194400 0.000000
118.968734 -585.031250 5.031250 0.000000 -131.368896 0.000000
442.966461 -809.031250 5.031250 0.000000 -130.642562 0.000000
177.031265 -750.968750 5.031250 0.000000 11.838508 0.000000
177.031265 -585.031250 5.031250 0.000000 -17.238140 0.000000
759.911132 -696.239746 5.031250 0.000000 -133.832885 0.000000
838.393188 -750.968750 100.112236 0.000000 118.813812 0.000000
696.239624 -385.292297 100.112228 0.000000 2.994650 0.000000
894.968750 -551.791442 5.031250 0.000000 98.823402 0.000000
776.239624 -54.986541 5.031250 0.000000 76.387924 0.000000
750.516052 -132.733184 133.950531 0.000000 -165.337982 0.000000
434.594085 -69.478103 196.112274 0.000000 158.416412 0.000000
373.133117 26.324657 196.112274 0.000000 61.489894 0.000000
-478.968750 -626.063110 141.031250 0.000000 16.216882 0.000000
-153.485305 -601.031250 141.031250 0.000000 -171.637786 0.000000
-158.706436 -702.968750 141.031250 0.000000 160.345230 0.000000
-95.689453 -65.356597 141.031250 0.000000 -178.445205 0.000000
-246.968750 79.770713 141.031250 0.000000 44.813205 0.000000
-393.419342 -840.593750 141.031250 0.000000 -3.122699 0.000000
-769.031250 -921.031250 141.031250 0.000000 -138.414535 0.000000
-1086.968750 -958.480712 141.031250 0.000000 20.816528 0.000000
-1086.968750 -1620.724853 141.031250 0.000000 41.025177 0.000000
-794.766418 -1694.968750 141.031250 0.000000 75.664131 0.000000
1042.969482 -910.968750 5.031250 0.000000 145.023010 0.000000
1189.037475 -910.968750 5.031250 0.000000 55.417503 0.000000
1470.968750 -369.031250 -138.968750 0.000000 -130.657073 0.000000
561.031250 -486.968719 -138.968750 0.000000 63.222087 0.000000
734.968750 -166.968734 -138.968750 0.000000 123.569358 0.000000
734.968750 62.968742 -138.968750 0.000000 -124.474853 0.000000
662.968750 454.968750 -138.968750 0.000000 -124.578910 0.000000
526.968750 526.968750 -138.968750 0.000000 -133.976394 0.000000
353.031250 526.968750 -138.968750 0.000000 -56.970443 0.000000
209.031265 454.968750 -138.968750 0.000000 -50.815418 0.000000
318.968750 177.031265 -138.968750 0.000000 139.390594 0.000000
-38.968742 294.968750 -138.968750 0.000000 -49.924514 0.000000
30.968742 -142.968734 -138.968750 0.000000 150.489242 0.000000
-246.968750 -142.968734 -138.968750 0.000000 63.314178 0.000000
-145.031631 -374.968750 -138.968750 0.000000 159.812789 0.000000
-318.968750 -361.031250 -138.968750 0.000000 -54.065898 0.000000
-289.031250 -518.968750 -138.968750 0.000000 156.024124 0.000000
-614.968750 -449.031250 -138.968750 0.000000 -24.698562 0.000000
-529.031250 -670.968750 -138.968750 0.000000 148.288009 0.000000
-769.031250 -537.031250 -138.968750 0.000000 -141.703033 0.000000
-1342.968750 -606.968750 -138.968750 0.000000 63.327987 0.000000
-1129.031250 -286.968750 -138.968750 0.000000 122.796684 0.000000
-1129.031250 46.968742 -138.968750 0.000000 -125.736282 0.000000
-1342.968750 630.968750 -138.968750 0.000000 -29.493261 0.000000
-1590.830810 257.674865 5.030357 0.000000 44.655055 0.000000
-1467.042236 414.968750 5.030357 0.000000 -141.849395 0.000000
-1753.383789 271.590545 5.030357 0.000000 172.398483 0.000000
-1761.031250 -142.968734 261.031250 0.000000 121.978439 0.000000
-800.537780 233.031265 5.031250 0.000000 114.580566 0.000000
-679.965209 272.487030 5.028961 0.000000 51.309207 0.000000
-537.031250 -862.968750 5.028961 0.000000 97.738059 0.000000
-1270.968750 -286.968750 5.028961 0.000000 22.094444 0.000000
-1270.968750 46.968742 5.028961 0.000000 -33.442672 0.000000
-1653.117065 -588.879272 5.031250 0.000000 173.198638 0.000000
-1436.242309 -560.919311 5.031250 0.000000 -1.537040 0.000000
-1086.968750 -807.638183 5.031250 0.000000 -31.691129 0.000000
-246.968750 350.968750 5.031250 0.000000 -56.098564 0.000000
-158.968734 -150.968734 5.031250 0.000000 45.111606 0.000000
118.968734 -422.968750 5.031250 0.000000 124.021675 0.000000
343.911132 -120.239448 5.031250 0.000000 -114.162384 0.000000
177.031265 166.968734 5.031250 0.000000 -47.470172 0.000000
265.031250 326.968750 5.031250 0.000000 -23.376674 0.000000
894.968750 166.968734 5.031250 0.000000 -153.463012 0.000000
736.648742 326.968750 5.031250 0.000000 -161.182373 0.000000
822.968750 1032.229492 5.031250 0.000000 118.951667 0.000000
812.036621 1447.072631 5.031250 0.000000 -131.799713 0.000000
610.165771 1670.648071 5.031250 0.000000 -135.632308 0.000000
-60.274909 1136.881225 213.281250 0.000000 -55.709346 0.000000
524.318420 680.229553 5.031250 0.000000 2.374861 0.000000
297.030517 385.031250 5.031250 0.000000 58.933547 0.000000
707.841125 385.031250 5.031250 0.000000 149.654403 0.000000
-719.760864 233.031265 100.867279 0.000000 70.264129 0.000000
-606.968750 810.286010 5.031250 0.000000 57.759128 0.000000
-385.031250 -350.968750 213.031250 0.000000 125.619522 0.000000
-315.770385 418.443786 111.932312 0.000000 84.325958 0.000000
-481.031250 -5.490248 141.031250 0.000000 173.331146 0.000000
-481.031250 203.594177 141.031250 0.000000 170.155349 0.000000
953.031250 -317.033538 5.031250 0.000000 -7.854090 0.000000
953.031250 -170.965545 5.031250 0.000000 38.325092 0.000000
920.158874 229.881454 5.031250 0.000000 -14.449226 0.000000
1526.968750 -81.031257 5.031250 0.000000 -121.921180 0.000000
