296.968750 1000.968750 314.031250 0.000000 -143.069869 0.000000
23.031259 679.031250 314.031250 0.000000 81.386909 0.000000
23.031259 1000.968688 314.031250 0.000000 -78.834068 0.000000
296.968750 679.031250 324.031250 0.000000 128.458633 0.000000
679.031250 -167.031265 170.031250 0.000000 -36.230510 0.000000
927.031250 -488.968750 170.031250 0.000000 77.563064 0.000000
551.031250 -167.031265 26.031250 0.000000 -62.450092 0.000000
744.968750 -167.031265 26.031250 0.000000 -93.216140 0.000000
1119.602783 -69.479187 26.031250 0.000000 175.824707 0.000000
291.257537 -167.031265 170.031250 0.000000 -162.668731 0.000000
344.968750 -406.004394 170.031250 0.000000 164.522323 0.000000
-229.742416 535.031250 170.031250 0.000000 73.060531 0.000000
888.968750 1000.968750 314.031250 0.000000 -84.912376 0.000000
792.968750 1000.968750 314.031250 0.000000 -91.607048 0.000000
351.031250 1000.968688 314.031250 0.000000 -92.842224 0.000000
351.031250 679.031250 314.031250 0.000000 -28.998273 0.000000
807.031250 616.968750 314.031250 0.000000 -84.276786 0.000000
935.031250 167.031265 314.031250 0.000000 56.459850 0.000000
816.968750 -360.968750 314.031250 0.000000 129.257019 0.000000
911.031250 -360.968750 314.031250 0.000000 87.193626 0.000000
-204.120483 1063.031250 26.031250 0.000000 15.121128 0.000000
215.031265 1368.968750 26.031250 0.000000 -62.872207 0.000000
115.500434 1063.031250 257.918212 0.000000 89.228607 0.000000
563.789367 1063.031250 250.031250 0.000000 44.083202 0.000000
679.031250 1066.751220 34.607429 0.000000 51.721359 0.000000
1112.968750 1070.833984 26.031250 0.000000 -178.010513 0.000000
957.586303 687.461242 170.031250 0.000000 42.062614 0.000000
1105.263671 682.074096 170.031250 0.000000 127.308540 0.000000
887.031250 1000.968750 170.031250 0.000000 -83.437812 0.000000
679.031250 826.023498 170.031250 0.000000 24.162199 0.000000
160.968734 839.031250 170.031250 0.000000 171.266143 0.000000
31.053865 859.014160 170.031250 0.000000 8.698122 0.000000
212.121200 313.031250 26.031250 0.000000 10.072237 0.000000
864.968750 -440.968750 170.031250 0.000000 120.499359 0.000000
