-179.364349 151.031250 69.031250 0.000000 145.779037 0.000000
-264.968750 456.968750 69.031250 0.000000 -52.312133 0.000000
264.968750 456.968750 69.031250 0.000000 -120.013092 0.000000
103.031257 151.031250 69.031250 0.000000 28.803415 0.000000
488.968719 808.968750 70.031250 0.000000 -103.681457 0.000000
103.031257 806.435119 70.031250 0.000000 -50.009330 0.000000
281.817657 581.596923 70.031250 0.000000 -151.417739 0.000000
31.031259 416.968750 261.031250 0.000000 -81.809371 0.000000
-31.031259 416.968750 261.031250 0.000000 -106.458068 0.000000
1000.968688 143.031250 69.031250 0.000000 174.837265 0.000000
-284.968750 582.367248 70.031250 0.000000 -17.274251 0.000000
-110.174797 163.565124 218.023376 0.000000 130.325912 0.000000
56.968742 56.668636 261.031250 0.000000 -115.386215 0.000000
-56.968738 -55.798183 261.031250 0.000000 43.151725 0.000000
-31.031259 -416.968750 261.031250 0.000000 141.028045 0.000000
31.031259 -416.968750 261.031250 0.000000 46.729919 0.000000
-273.676818 -590.216918 70.031250 0.000000 66.542778 0.000000
-488.968750 -808.968750 70.031250 0.000000 71.978202 0.000000
-103.031257 -808.968750 70.031250 0.000000 121.292915 0.000000
103.031257 -808.968750 70.031250 0.000000 19.216398 0.000000
275.699798 -590.960510 70.031250 0.000000 145.554809 0.000000
488.968750 -807.767150 70.031250 0.000000 135.253372 0.000000
187.672531 -157.774597 69.031250 0.000000 -27.679477 0.000000
246.107528 -444.173828 69.031250 0.000000 139.706787 0.000000
103.031257 -151.031616 218.023406 0.000000 -67.170074 0.000000
-264.968750 -456.968750 69.031250 0.000000 69.878082 0.000000
-103.031257 -151.031250 69.031250 0.000000 -140.939376 0.000000
-1000.968688 -182.348709 69.031250 0.000000 1.605595 0.000000
-279.031250 59.732410 261.031250 0.000000 148.044601 0.000000
-976.061035 403.428741 69.031250 0.000000 -5.620758 0.000000
-105.171226 802.333312 70.031250 0.000000 -124.127365 0.000000
959.780883 -400.857330 69.031250 0.000000 177.086395 0.000000
-267.178039 790.391479 277.031250 0.000000 -88.175315 0.000000
-488.968750 808.968750 70.031250 0.000000 -52.335819 0.000000
272.259887 808.968750 281.031250 0.000000 -90.818771 0.000000
270.431976 -808.968750 281.031250 0.000000 88.515457 0.000000
287.314636 -67.335998 261.031250 0.000000 -42.088256 0.000000
