620.968750 424.968750 -278.968750 0.000000 -105.360893 0.000000
567.031250 59.031257 -278.968750 0.000000 66.719886 0.000000
956.968750 75.793884 -278.968750 0.000000 167.366134 0.000000
951.258239 236.968750 -278.968750 0.000000 -136.008911 0.000000
707.031250 319.031250 -278.968750 0.000000 -0.941838 0.000000
707.031250 424.968750 -190.968750 0.000000 -82.918861 0.000000
1004.331787 -7.031259 -142.115661 0.000000 -173.639160 0.000000
997.969177 -152.968734 -170.129882 0.000000 174.728057 0.000000
823.031250 -296.968750 -234.968750 0.000000 0.053970 0.000000
1010.401489 -119.806510 -38.968750 0.000000 -172.780502 0.000000
998.910217 8.363630 -38.968750 0.000000 -169.280364 0.000000
619.031250 -484.968750 -138.968750 0.000000 83.119102 0.000000
555.031250 -215.031265 -138.968750 0.000000 -30.848327 0.000000
492.968750 -484.968750 -138.968750 0.000000 152.241241 0.000000
492.968750 -484.968750 -278.968750 0.000000 154.042266 0.000000
555.031250 -484.968750 -278.968750 0.000000 43.627502 0.000000
168.968734 -484.968750 -278.968750 0.000000 81.984680 0.000000
343.031250 -484.968750 -278.968750 0.000000 93.478523 0.000000
279.031982 -484.968750 -186.968750 0.000000 68.590545 0.000000
363.031250 -232.968734 -278.968750 0.000000 53.434944 0.000000
311.031250 23.031259 -278.968750 0.000000 66.181594 0.000000
485.539154 287.031250 -278.968750 0.000000 151.304183 0.000000
478.986450 424.968750 -278.968750 0.000000 -121.737915 0.000000
311.031250 211.031265 -278.968750 0.000000 99.463859 0.000000
99.031257 424.968750 -70.968750 0.000000 -70.317413 0.000000
99.031257 81.031257 -70.968750 0.000000 52.163394 0.000000
199.977752 424.968750 -278.968750 0.000000 -104.685485 0.000000
99.031257 424.968750 -242.968750 0.000000 -67.782814 0.000000
20.968742 424.968750 -278.968750 0.000000 -146.787673 0.000000
-328.968750 424.968750 -278.968750 0.000000 -79.156295 0.000000
-408.968750 328.968750 -278.968750 0.000000 -76.124038 0.000000
-471.031250 424.968750 -278.968750 0.000000 -128.859130 0.000000
-104.968734 -484.968750 -278.968750 0.000000 27.951412 0.000000
31.968738 -484.968750 -278.968750 0.000000 120.591690 0.000000
-168.968734 -215.031265 -242.968750 0.000000 -37.333095 0.000000
-408.968750 -484.968750 -278.968750 0.000000 74.104934 0.000000
35.968742 -484.968750 -70.968750 0.000000 112.843605 0.000000
35.968742 -173.031265 -70.968750 0.000000 -137.225143 0.000000
-491.695556 -484.968750 -278.968750 0.000000 81.104324 0.000000
-483.031250 -119.031257 -278.968750 0.000000 -137.752609 0.000000
-872.968750 -131.031250 -278.968750 0.000000 -23.460231 0.000000
-864.904663 -296.968750 -278.968750 0.000000 39.761787 0.000000
-623.031250 -387.375732 -278.968750 0.000000 170.773986 0.000000
-949.159729 45.946739 -160.720214 0.000000 8.235668 0.000000
-931.187500 -45.681648 -185.956298 0.000000 3.497036 0.000000
-783.031250 231.255966 -278.968750 0.000000 169.964782 0.000000
-471.031250 421.149993 -138.968750 0.000000 -108.611335 0.000000
-873.709777 67.991691 -38.968750 0.000000 9.138417 0.000000
-853.123779 -62.943656 -38.968750 0.000000 8.941827 0.000000
