-1050.000000 -1092.000000 240.000000 0.000000 28.000000 0.000000 T
-948.000000 -1202.000000 240.000000 0.000000 39.500000 0.000000 T
-1200.000000 -688.000000 236.000000 0.000000 38.500000 0.000000 T
-1136.000000 -800.000000 236.000000 0.000000 323.000000 0.000000 T
-1200.000000 592.000000 240.000000 0.000000 319.000000 0.000000 T
-1040.000000 960.000000 240.000000 0.000000 337.500000 0.000000 T
-1144.000000 664.000000 240.000000 0.000000 52.500000 0.000000 T
-928.000000 1064.000000 240.000000 0.000000 352.500000 0.000000 T
-1224.000000 320.000000 240.000000 0.000000 18.500000 0.000000 T
-1232.000000 464.000000 240.000000 0.000000 0.000000 0.000000 T
-1048.000000 736.000000 240.000000 0.000000 321.000000 0.000000 T
-1056.000000 848.000000 240.000000 0.000000 327.500000 0.000000 T
-1040.000000 -880.000000 236.000000 0.000000 33.500000 0.000000 T
-1232.000000 -448.000000 236.000000 0.000000 335.500000 0.000000 T
-1232.000000 -560.000000 236.000000 0.000000 0.000000 0.000000 T
-1080.000000 -984.000000 240.000000 0.000000 25.500000 0.000000 T
1187.000000 -719.000000 235.000000 0.000000 141.000000 0.000000 CT
1052.000000 -1094.000000 242.000000 0.000000 153.500000 0.000000 CT
964.000000 -1211.000000 242.000000 0.000000 118.000000 0.000000 CT
1143.000000 -796.000000 235.000000 0.000000 209.000000 0.000000 CT
1053.000000 957.000000 236.000000 0.000000 206.500000 0.000000 CT
954.000000 1084.000000 236.000000 0.000000 221.500000 0.000000 CT
1190.000000 591.000000 236.000000 0.000000 224.000000 0.000000 CT
1146.000000 661.000000 236.000000 0.000000 141.500000 0.000000 CT
1233.000000 -579.000000 235.000000 0.000000 180.000000 0.000000 CT
1000.770019 -811.429992 235.000000 0.000000 180.000000 0.000000 CT
1065.000000 -976.242980 242.000000 0.000000 139.500000 0.000000 CT
1238.000000 459.000000 236.000000 0.000000 180.000000 0.000000 CT
1229.979980 321.101013 236.000000 0.000000 180.000000 0.000000 CT
1044.000000 714.000000 236.000000 0.000000 208.500000 0.000000 CT
1071.329956 848.000000 236.000000 0.000000 214.500000 0.000000 CT
-1208.175170 -373.889862 237.031250 0.000000 -25.529605 0.000000
-1135.124145 -793.163452 237.031250 0.000000 52.853370 0.000000
-1.865576 292.023162 69.031250 0.000000 85.132781 0.000000
-599.156799 670.578491 117.031219 0.000000 -169.821548 0.000000
-870.110473 215.641754 117.031250 0.000000 119.775268 0.000000
-1102.144165 140.662399 117.031250 0.000000 4.525575 0.000000
-1195.786254 225.763595 237.031250 0.000000 37.140529 0.000000
-1154.442993 662.462158 237.031250 0.000000 -91.508277 0.000000
-661.625610 1073.636230 117.031250 0.000000 -78.357147 0.000000
-1114.292236 -272.389434 117.031250 0.000000 -8.565413 0.000000
508.328857 756.581542 117.031250 0.000000 105.994293 0.000000
588.225952 683.187988 117.031250 0.000000 2.737821 0.000000
1132.492553 674.203247 237.031250 0.000000 -135.628158 0.000000
1202.028686 235.200942 237.031250 0.000000 155.489273 0.000000
1095.195190 138.389312 117.031250 0.000000 -179.856155 0.000000
600.099670 -804.466796 117.031250 0.000000 -5.324009 0.000000
508.839355 -874.726989 117.031250 0.000000 -101.241165 0.000000
652.626770 -1214.834106 117.031250 0.000000 114.373825 0.000000
657.192504 -502.203948 201.031250 0.000000 86.658096 0.000000
1205.225708 -366.376953 281.442138 0.000000 -154.662796 0.000000
640.669982 411.919952 201.031250 0.000000 -82.243469 0.000000
10.526225 708.757019 69.031250 0.000000 -92.451225 0.000000
696.020385 -66.787971 69.031250 0.000000 -11.465419 0.000000
65.919723 -128.273010 149.031250 0.000000 138.893203 0.000000
-57.515216 -110.514991 149.031250 0.000000 43.981838 0.000000
-57.595951 1.490270 149.031250 0.000000 -45.030967 0.000000
62.138748 -6.950528 149.031250 0.000000 -134.312973 0.000000
-642.110290 -528.423156 201.031250 0.000000 96.592407 0.000000
-4.368682 -814.589538 69.031250 0.000000 87.065750 0.000000
118.962425 -990.419433 69.031250 0.000000 -121.290107 0.000000
-742.236877 -45.956634 69.031250 0.000000 -173.980361 0.000000
-1201.315307 -359.284545 322.031250 0.000000 -41.812763 0.000000
-1128.849243 523.401306 117.031250 0.000000 -74.689582 0.000000
-1163.592651 344.686492 117.031250 0.000000 52.591522 0.000000
-1162.407714 -531.904602 117.031250 0.000000 -43.092277 0.000000
-1115.672119 -657.455627 117.031250 0.000000 81.622604 0.000000
-591.390014 -790.968811 117.031188 0.000000 -163.126998 0.000000
1136.205078 -623.655578 117.031250 0.000000 106.677429 0.000000
1160.099121 -482.318420 117.031250 0.000000 -141.978759 0.000000
1080.464355 -264.119781 117.031250 0.000000 174.964065 0.000000
1165.710937 382.247772 117.031250 0.000000 128.809326 0.000000
1127.244384 533.747314 117.031250 0.000000 -90.972923 0.000000
824.199584 1103.955078 237.031250 0.000000 -104.390365 0.000000 CT
